Frame_1: 1080x1920, PSNR:19.1559, MS-SSIM:0.5327, Training:8.9137s, Eval:0.00035319s, FPS:2831.3683
Average: 1080x1920, PSNR:22.4050, MS-SSIM:0.5872, Training:2.2918s, Eval:0.00035849s, FPS:2789.8467, Size:0.7675
Frame_1: 1080x1920, PSNR:19.1462, MS-SSIM:0.5317, Training:6.7317s, Eval:0.00035273s, FPS:2835.0428
Average: 1080x1920, PSNR:22.3943, MS-SSIM:0.5880, Training:1.8571s, Eval:0.00035745s, FPS:2798.3242, Size:0.7675
